
	rota1=[[ 0.9970151,-0.06246832 , 0.04515959],[-0.06174352 ,-0.99793295 ,-0.01727185],[ 0.04614519,  0.01443198 ,-0.99883046]]
	tran1=[ 0.30217561 ,-0.0099796 ,  0.27630738]
	rota2=[[ 0.99694032 , 0.06453636 ,-0.04388444], [ 0.06295444, -0.99733824 ,-0.03652316], [-0.0461247 ,  0.03364869 ,-0.99836878]]
	tran2=[ 0.31803155 ,-0.02291883 , 0.04936653]
	robot_pose = fa.get_pose()
	while True:	
		try:
			robot_pose.translation = tran1
			robot_pose.rotation = rota1
			fa.goto_pose(robot_pose,duration=6)	
			robot_pose.translation = tran2
			robot_pose.rotation = rota2
			fa.goto_pose(robot_pose,duration=6)	
			




pose1=[[ 0.9970151,-0.06246832 , 0.04515959],[-0.06174352 ,-0.99793295 ,-0.01727185],[ 0.04614519,  0.01443198 ,-0.99883046]]
tran1=[ 0.30217561 ,-0.0099796 ,  0.27630738]
rota2=[[ 0.99694032 , 0.06453636 ,-0.04388444], [ 0.06295444, -0.99733824 ,-0.03652316], [-0.0461247 ,  0.03364869 ,-0.99836878]]
tran2=[ 0.31803155 ,-0.02291883 , 0.04936653]
point1:  [[ 0.99970999 -0.00685949 -0.02266356]
 [-0.00809906 -0.99844038 -0.05506368]
 [-0.0222505   0.05523127 -0.9982256 ]]
[ 0.31932778 -0.03248316  0.25034713]
point1:  [[ 0.99387991 -0.08527554  0.07008315]
 [-0.08129921 -0.99500502 -0.05776029]
 [ 0.07465862  0.05170909 -0.99586751]]
[0.25639798 0.29527737 0.17760002]
point1:  [[ 0.99735111 -0.00566244  0.07238466]
 [-0.00523248 -0.99995791 -0.00612814]
 [ 0.07241632  0.00573316 -0.99735796]]
[0.23693131 0.31848688 0.05530306]
point1:  [[ 0.99536894 -0.05429747  0.07920429]
 [-0.04701022 -0.99471868 -0.0911356 ]
 [ 0.08373442  0.08699013 -0.99268373]]
[0.2540003  0.31492451 0.26521072]
point1:  [[ 0.99695387 -0.06278998  0.04605642]
 [-0.06205686 -0.99791509 -0.01718029]
 [ 0.04703915  0.01426984 -0.99879109]]
[ 0.30240926 -0.00979475  0.27637135]
point1:  [[ 0.99695867 -0.06276609  0.04598497]
 [-0.06203384 -0.99791648 -0.01718297]
 [ 0.04696766  0.01427809 -0.99879434]]
[ 0.30238918 -0.00980635  0.27635009]
point1:  [[ 0.99693401  0.06465335 -0.04385558]
 [ 0.0630714  -0.99733002 -0.03654578]
 [-0.0461013   0.0336677  -0.99836922]]
[ 0.31803858 -0.02288037  0.04936417]
point1:  [[ 0.99971236 -0.00671047 -0.02260366]
 [-0.00794644 -0.99844281 -0.05504199]
 [-0.0221991   0.05520577 -0.99822816]]
[ 0.31934341 -0.03243528  0.2503643 ]
point1:  [[ 0.99388583 -0.08523424  0.0700495 ]
 [-0.08125706 -0.99500649 -0.0577943 ]
 [ 0.07462576  0.05174892 -0.99586791]]
[0.2563774  0.29526573 0.17759333]
point1:  [[ 0.99735045 -0.0056158   0.07239749]
 [-0.0051876  -0.9999583  -0.00610127]
 [ 0.07242873  0.00570954 -0.9973572 ]]
[0.23692689 0.31850537 0.05531253]
point1:  [[ 0.99537151 -0.05426066  0.07919729]
 [-0.04697443 -0.99472079 -0.09113103]
 [ 0.08372402  0.08698899 -0.99268471]]
[0.25399077 0.3149285  0.26519315]
point1:  [[ 0.99695421 -0.06276744  0.04607977]
 [-0.06203337 -0.99791634 -0.01719273]
 [ 0.04706289  0.01428188 -0.9987898 ]]
[ 0.30241898 -0.00977421  0.27638228]